1000 2
49.6359 13.9883
35.428 69.6396
8.85609 71.3766
29.1807 81.6136
32.6217 75.4949
56.5074 44.4727
19.5328 57.3183
4.80394 44.798
27.2242 83.0895
24.1401 93.0481
27.7409 90.2179
71.2017 44.9571
7.74936 65.5442
13.0022 75.4528
6.31082 69.0029
98.8176 16.6534
42.8648 61.238
59.6212 18.9468
25.1018 67.2802
80.844 35.3453
95.3773 78.4646
13.2376 77.8808
77.6129 38.1165
28.5175 68.5842
24.6731 90.4518
6.97462 65.4798
59.0175 69.4607
63.569 42.555
82.0271 43.6326
53.106 63.9524
75.3966 99.8944
9.89423 92.4338
21.5526 67.3247
10.5928 69.1851
77.5082 43.8087
25.448 59.3979
46.2258 40.452
57.386 92.4612
79.4759 47.8608
33.9706 44.7929
32.4824 71.831
63.1638 86.235
13.9179 67.9981
30.8393 76.1799
29.9174 67.9776
30.7997 71.704
6.45468 68.3174
19.1565 89.2345
5.10275 69.4001
17.2555 90.55
80.662 46.5724
24.3504 89.3239
22.1339 60.3679
25.5678 62.5104
76.5205 44.5004
24.2684 63.5064
9.53369 66.2987
12.2421 62.9054
5.9204 74.3494
93.4854 1.57384
11.406 63.3581
7.71034 70.0557
83.6615 94.005
24.0951 83.8212
24.9193 86.5643
7.90449 62.9584
19.6303 74.9813
17.2407 91.3188
7.43463 11.912
21.8832 91.2777
72.0107 50.4774
24.6051 69.1779
75.5649 45.2789
19.994 91.0403
12.5884 84.0463
27.9771 59.692
8.29911 67.6816
42.386 14.7163
34.0376 71.4067
76.5778 41.3859
78.533 33.7638
21.0383 92.1457
27.5461 65.1289
41.8161 64.74
74.3006 44.1028
24.2086 73.2473
22.5603 83.0598
25.5967 94.7507
94.1264 23.4934
23.0035 86.3515
11.6031 68.7275
5.53994 74.0906
76.882 47.3054
9.16421 56.2365
29.3931 66.3746
31.9867 84.1823
5.35036 68.5746
17.8017 5.14289
16.1512 56.1964
23.415 95.4146
31.684 62.7134
33.222 62.8579
34.7929 67.8769
10.7169 74.0212
80.0604 19.4494
19.2467 96.7262
36.2977 55.7805
7.62352 76.208
21.4737 92.8698
18.1103 91.1764
20.4577 69.1517
5.05904 69.6114
71.0557 46.9564
33.9423 60.7159
15.8143 63.3779
26.2759 71.5206
22.6792 96.2231
14.4185 20.5059
5.88384 62.7853
11.3937 71.8892
81.2353 46.5376
83.6745 39.5936
84.4399 42.3283
69.7928 28.345
17.0793 68.6149
-0.248647 73.4407
71.9005 40.1568
4.38763 65.2706
11.2515 75.6871
28.2921 59.9231
21.2686 96.6178
53.7054 89.213
21.7051 99.223
30.8508 92.3917
6.69695 68.3475
99.0113 3.85874
9.85519 69.9757
71.2132 49.5283
79.899 40.4137
11.695 67.0962
46.6705 14.3523
26.2255 29.8695
18.7873 74.9293
18.9512 61.7238
28.2871 92.5727
73.4437 48.5903
28.8601 68.1851
22.9102 86.0748
27.2932 86.9321
25.3636 93.6738
33.4783 28.7529
42.3773 76.0388
22.3746 69.5229
24.9395 57.0241
8.00142 23.9863
27.7824 80.5315
12.5709 70.1478
21.656 95.9991
8.51673 67.4921
21.3402 63.3032
18.8231 91.2494
32.4515 85.431
27.3725 88.3983
28.0564 94.7067
4.44252 67.262
22.69 66.6349
28.5304 6.7126
80.6527 43.125
8.47268 71.3909
97.088 33.9315
27.6233 84.2099
8.90247 62.6342
38.1875 87.306
26.5528 64.932
16.9795 89.2856
69.6291 48.814
3.8963 61.1741
8.98503 68.2172
18.8824 86.4341
29.8652 21.9892
23.1511 84.9469
22.1886 92.3407
-3.85897 64.2607
74.1116 57.1005
22.5736 75.7935
19.514 63.2122
29.0268 47.5597
31.4451 90.7377
11.5443 65.1922
11.7221 65.3687
31.1241 94.8266
32.1745 69.3195
47.0079 70.5306
22.763 90.2734
93.9356 91.1926
77.9162 35.7886
18.9365 75.7944
29.0219 25.5024
4.80378 73.7296
98.0406 40.1189
4.48721 75.7844
29.9465 62.6146
68.0908 32.9737
13.5818 64.4707
8.08086 70.3627
29.3226 54.6606
78.8591 43.5451
24.8772 71.3898
73.3565 46.4964
23.5357 59.1039
26.2317 95.4603
78.3987 38.2451
42.861 46.2545
26.0132 80.9622
21.2652 90.0707
3.53982 67.6633
63.1842 0.765598
-0.575053 67.5307
24.1337 89.1821
33.4175 70.9169
3.73017 70.4238
21.8387 90.7723
22.1642 33.4426
41.6188 76.4731
9.43978 97.9252
4.8498 66.3745
9.43792 71.2559
62.1167 40.4121
71.5469 45.8042
5.01768 64.6593
27.5919 68.5182
13.2357 64.6598
25.031 89.4617
16.4407 70.1944
9.33312 68.6147
16.41 59.7981
38.838 80.5378
47.3893 65.4924
23.2165 82.9473
7.20843 32.0595
11.9446 53.5473
6.75651 68.2844
80.4746 94.4201
74.4111 56.7174
72.3519 49.2154
30.7222 71.1469
21.337 93.79
20.423 95.7229
23.7702 92.617
77.9613 40.8127
60.7517 45.0901
1.09059 62.7525
12.6457 63.0863
22.0106 75.6347
23.36 57.7088
6.21013 64.705
31.9279 89.5935
21.7684 85.3967
16.672 64.8616
10.2246 65.7488
28.5497 86.834
24.6256 89.4446
19.4995 78.3204
21.7494 97.6343
2.0913 70.8959
19.6486 88.0698
28.9021 63.4741
4.17694 70.3911
21.423 97.3188
58.0642 23.5342
26.7465 92.2266
7.22316 75.6675
9.73851 71.4425
20.6167 74.3147
73.3244 38.3473
31.5024 56.7431
22.2113 86.5481
35.438 89.0802
90.2915 40.9119
37.7977 68.9962
13.5806 71.5487
27.1553 72.3
72.912 44.3215
50.6365 47.4607
49.2743 12.6219
22.7252 61.2604
77.4601 29.9374
40.471 62.1054
28.318 86.6755
76.6882 36.2863
70.3023 44.2311
70.0864 35.1198
78.0085 47.5867
34.7225 89.5671
78.1084 47.9022
34.7846 79.3446
24.7231 91.4813
76.2507 41.8851
74.4158 44.8355
55.8977 40.0564
72.4544 43.5744
76.3533 40.0572
46.6406 40.0995
13.2737 68.9038
73.2316 33.9828
7.44182 73.0644
30.3421 92.5197
24.2795 71.1316
12.5732 68.8868
20.3308 71.8433
20.528 86.3116
8.95965 61.8468
89.7802 67.8472
78.2808 43.0738
11.2721 67.9154
32.2828 67.0846
70.7899 46.6028
0.0756393 69.2947
2.05734 59.815
85.7948 26.1933
26.6284 91.3799
28.9552 84.3826
23.461 94.1888
23.5681 66.3585
26.7261 88.1208
-0.0252486 65.5375
28.8319 68.7033
39.0525 65.6412
28.4134 74.9627
47.2984 28.2497
24.9866 83.8887
19.2874 85.3713
26.9916 75.7874
82.609 41.2301
18.0004 66.5306
-1.27476 64.7778
15.3437 65.5609
25.1211 75.0424
34.3399 46.7863
34.5271 67.9572
78.9967 46.014
24.7839 95.6305
7.4332 69.2241
73.9599 42.0379
78.6122 48.4805
10.9632 69.4978
25.6021 88.628
74.6967 44.3303
31.0355 67.8221
12.0016 68.7768
26.0537 90.85
1.92977 56.2198
18.2213 60.0706
20.0579 90.8412
32.5363 67.6782
32.3501 73.7645
6.40884 63.6465
25.359 14.8909
24.2339 31.6244
63.5207 44.5246
42.238 60.9455
28.5261 86.4851
3.57938 67.2663
76.0729 42.3565
24.5263 91.36
4.05196 74.0458
2.69982 68.3787
35.0631 57.0755
23.5785 65.2297
23.3927 70.0092
28.5012 67.495
3.71493 77.7889
10.395 69.0239
7.29422 55.1222
30.3551 94.6545
26.8333 4.71915
1.026 67.8685
13.9306 95.1426
78.0115 40.0254
76.3957 46.3117
31.817 80.9241
55.3087 56.8792
65.5905 11.8814
19.1563 81.7789
75.8441 50.349
78.7251 42.6251
25.1833 59.6966
25.2624 90.2701
6.71119 71.0918
71.1355 47.2852
3.67983 77.5511
84.3427 46.5129
70.9013 39.4838
26.8202 63.8482
26.0954 62.6586
21.8493 71.2147
61.4712 58.2294
42.2682 36.3205
8.83774 76.7373
31.2998 91.2766
56.179 71.4263
9.2692 62.2627
13.9771 2.68672
26.9449 74.2016
27.6985 86.2473
4.92253 71.4046
3.62046 65.6914
21.2029 90.5487
2.52852 64.6874
82.8095 98.088
27.6543 88.2551
6.15186 69.5954
17.3086 28.5155
6.46125 70.3364
54.0679 21.4186
3.2691 66.0741
26.5193 76.5547
9.0584 71.6563
11.3442 70.5773
16.1797 66.2277
23.1771 87.2254
72.6994 36.0869
72.5165 44.6591
48.3303 75.6741
17.1935 79.288
65.4397 28.3437
30.1328 65.2237
74.5828 41.6994
39.4077 85.2164
0.438472 8.36382
31.9455 95.7557
17.3301 90.0883
74.6833 53.5772
70.7122 36.9658
31.047 94.0813
15.6143 96.7413
80.073 33.1432
74.8143 34.9224
72.2613 37.7814
35.3276 44.3788
5.98245 68.7778
78.3975 45.3608
26.9131 58.5317
21.4931 66.3059
11.1943 72.7319
72.1326 22.8733
28.5 85.3974
10.5689 91.898
22.2965 62.0578
87.5307 40.8044
79.5396 51.1707
40.4481 67.097
20.3159 73.119
6.04806 67.5638
29.0488 71.5727
13.8729 73.9795
80.5839 43.8873
35.5577 53.9984
5.45926 70.244
74.9043 44.2408
71.7644 40.7049
29.6276 74.1533
30.9005 61.8755
6.76745 68.2552
12.2549 91.7325
76.4574 32.1177
39.5271 95.7439
49.0892 21.6926
18.9845 63.6137
33.7076 66.2341
48.7067 91.8339
10.3932 73.7863
75.819 51.1756
31.7924 82.299
8.0193 64.5856
22.1977 56.2338
39.272 46.2873
17.7727 80.4881
65.7999 45.1569
45.411 55.1559
24.8461 63.2534
3.66882 64.8165
16.5759 78.626
25.642 68.2536
81.9221 46.2716
27.439 68.2425
24.3093 86.2744
71.8163 39.6678
58.2708 83.873
10.651 64.7589
27.4476 87.4556
31.6875 86.8179
68.8025 52.0339
5.95944 71.743
23.0857 91.2766
7.90566 70.3212
34.2414 94.0328
16.9462 69.5744
25.9421 97.2566
72.0738 40.652
75.3517 42.5098
24.6577 90.4646
28.7286 59.479
22.8941 72.6174
32.9581 65.4166
72.2991 44.7923
23.7733 67.6861
37.032 61.9307
21.5348 95.9964
21.7886 91.1434
40.8079 9.15721
81.8051 42.0653
98.2899 81.5143
81.825 97.9061
2.8222 67.521
0.293014 71.2268
70.5522 84.616
26.9603 95.7821
54.2228 9.4445
36.7463 89.8359
20.5716 86.7686
18.9186 92.5135
21.518 70.6844
6.76145 60.7
23.7999 74.7764
69.1057 32.1799
96.0715 57.6537
0.586598 66.3966
28.2875 69.9114
5.65352 66.8602
36.4459 72.2499
1.78788 68.9407
22.9182 68.4406
6.00987 69.4546
25.5627 92.6325
5.77547 62.5782
34.4759 73.7721
5.44611 70.3813
58.6734 56.8778
6.30276 74.1828
6.54312 68.3765
8.28062 65.3213
19.1145 90.7348
78.0123 40.2568
25.1984 57.1613
71.7188 41.9809
73.3178 44.3691
23.935 102.852
5.02164 76.1768
28.4746 92.1872
26.8133 94.9603
33.6578 75.0868
79.0928 41.438
26.1733 68.3101
21.9068 100.17
94.9044 70.011
22.2327 91.5501
33.1388 86.238
20.3304 66.3129
9.21371 71.5054
68.5497 42.3441
18.4998 92.34
21.6944 90.9712
18.2944 90.7443
6.46527 65.4427
28.9646 91.2546
29.6214 58.9337
16.7137 91.6267
10.0223 75.1078
4.71337 65.9002
36.0335 51.9721
91.3743 46.5378
5.12751 77.2027
10.1719 69.2164
71.3815 97.8375
76.7647 46.381
28.6383 73.3272
69.5287 25.4734
40.7047 22.3744
28.6118 70.8451
76.4049 81.3216
21.8829 97.7977
34.8455 14.6913
81.4408 46.0138
35.5879 63.5921
1.10489 69.8397
42.1265 28.9509
77.5742 50.2364
73.2705 44.971
4.88642 74.8908
72.1653 42.6985
9.19691 71.0771
27.7686 69.2464
29.8687 91.587
9.70866 78.4159
24.2851 90.3409
27.7123 91.3103
5.53782 63.329
31.5392 62.4203
70.8203 42.944
77.9626 44.6501
29.6147 69.301
88.3696 6.22137
70.8745 40.7044
10.5055 74.2905
71.6582 42.2291
29.56 71.1756
4.29382 64.4655
23.7623 93.5952
81.2801 42.7266
1.18337 94.9653
6.14968 76.1029
16.0975 73.5749
10.3658 73.4039
80.2217 52.0178
66.7294 44.3975
79.2805 40.5388
99.6374 33.7601
74.4569 42.0848
6.97946 68.6633
21.7718 71.9298
21.0356 83.3655
17.2833 77.6554
30.8395 69.5375
22.6429 85.3529
73.9646 44.3298
26.0926 96.2717
8.28649 71.0546
9.10309 66.4691
12.54 64.4808
71.4096 42.8495
10.0347 68.748
6.44674 65.0242
26.9522 93.4001
31.3945 73.5826
71.2978 45.4493
36.2214 64.6384
33.0306 65.2826
46.7405 65.2082
72.9422 43.941
8.51252 70.4187
80.9361 44.3869
17.0644 86.1025
31.9885 66.3642
9.04217 55.0754
8.05098 66.1137
42.0432 25.8754
5.44746 67.5275
21.2579 42.0835
28.1439 63.9627
53.7549 91.9255
75.6351 78.6216
12.7096 62.3216
11.0335 64.6606
35.523 52.5645
3.33401 37.68
10.0317 72.6327
22.7783 60.6805
69.4162 46.066
76.7661 42.362
30.3312 65.9616
22.5758 93.8012
76.2101 41.5421
18.2463 72.2617
74.931 32.3544
29.4998 93.1933
73.9436 42.82
11.5437 74.0608
11.5206 69.1171
26.4636 65.2037
92.1169 4.10189
32.3572 54.8976
7.6142 72.0421
24.0116 54.6168
43.9321 58.9553
17.4011 58.4958
13.9103 65.7662
31.8461 45.4576
73.0678 50.7752
27.8286 91.0584
19.7919 94.2712
25.4148 70.0765
6.63005 70.6968
79.4447 40.3113
21.526 16.042
17.7804 96.3721
13.3526 62.4971
16.0964 69.834
79.779 37.5907
11.2721 68.6504
89.0277 75.0839
32.2587 57.1181
83.0879 50.6852
22.0531 72.7822
2.60197 68.5367
73.8917 49.0672
28.9057 61.7249
73.2379 49.0752
41.37 75.2654
75.597 41.9543
28.585 61.4199
27.7184 84.9831
33.1996 93.73
70.92 46.2747
77.6558 46.6065
0.537661 64.969
27.1096 89.3046
5.68766 64.0554
14.7094 60.7105
8.45487 74.4013
76.5036 40.4916
57.9695 4.84177
35.56 65.9956
24.409 38.4117
72.4238 57.9454
22.8754 84.8724
23.854 62.475
85.0126 81.225
3.04191 70.5084
33.6138 59.4473
78.541 44.8532
76.9906 47.9091
65.7981 55.3054
11.9581 72.1837
92.5937 7.50435
7.09855 86.2807
30.8896 69.7727
48.7284 25.0999
33.269 60.3447
78.3591 52.4201
67.7872 3.00347
78.8535 50.5404
66.3483 42.8189
25.8983 90.7493
27.5946 94.9417
74.1584 46.3722
7.83698 66.5829
81.6212 45.2026
29.526 70.1467
70.6025 37.9501
1.65083 71.0148
9.79435 68.2585
69.4972 47.9574
74.4525 36.5959
18.8045 90.0214
19.576 89.689
86.085 43.8457
19.4709 75.6946
38.9236 67.1613
99.405 19.271
73.283 46.6143
68.1986 41.9079
56.4365 19.8302
4.84804 66.8143
29.6112 64.2358
77.8124 50.3368
17.8171 66.7607
-3.17122 62.5158
80.3873 36.5794
95.2027 73.0239
74.5787 40.0414
10.2969 65.3827
62.017 48.9561
70.5094 43.4347
70.1338 81.3697
29.1584 92.273
29.4718 85.013
25.3873 97.7917
27.8862 79.2545
19.6267 87.5198
34.7587 80.476
21.4908 67.6353
44.1681 70.3864
24.8275 86.8829
32.9237 51.1309
36.4409 65.0543
76.0828 50.7486
11.0946 59.3091
32.0847 67.1895
40.6957 93.8065
75.9351 50.116
9.74645 59.4493
35.1809 72.0219
26.6955 88.9468
5.08697 73.4425
21.0662 85.0996
6.00026 72.9506
14.7227 73.6434
84.0176 45.8348
96.6715 91.8406
15.6557 96.6559
73.4571 41.946
15.1505 20.7307
73.3399 40.3585
33.239 52.7776
14.7394 59.5567
18.1278 96.1614
89.0022 23.8187
83.2111 46.9033
27.4357 90.7341
7.75291 71.8205
74.2391 44.0931
19.6787 95.3405
63.5622 65.6092
25.3736 90.375
54.1492 66.2784
80.0423 44.8868
22.17 89.9078
23.7862 65.8205
79.025 50.6036
11.3859 65.8544
85.959 92.6256
24.7 69.0601
1.4805 15.6294
17.5738 72.761
68.921 44.2843
28.3839 30.5311
4.00182 72.7807
28.5637 94.1766
25.8222 79.3656
83.9644 42.0868
25.1029 91.7366
9.87253 71.5957
25.3346 71.9884
4.54491 71.9643
21.0294 61.9617
33.9438 100.014
9.67153 62.0538
32.7205 65.7589
2.90042 80.419
32.2004 65.9726
20.5326 63.4446
23.8215 62.0147
74.5262 41.9295
25.2918 90.6805
25.2903 86.1513
4.18808 70.6233
4.81876 79.944
6.2872 71.6088
73.8465 45.3184
10.9301 63.5507
50.7376 1.26525
26.2001 59.3822
14.6625 90.1243
23.8208 62.6092
24.6643 80.4856
68.0018 39.1759
82.5475 60.4913
1.92919 69.7046
21.7246 86.0946
20.5751 62.2253
-2.46883 74.6922
74.1024 38.263
23.55 73.0696
25.9976 104.446
0.826368 15.0438
19.6086 89.0139
26.1062 98.2408
76.2334 41.5622
10.1785 59.273
19.5159 87.152
16.2683 86.0093
35.0136 88.8957
0.757406 68.8204
75.1984 42.5075
24.5631 62.2698
5.53412 65.982
12.6684 77.2972
45.2412 18.9249
59.0574 0.390761
29.0075 84.2517
30.1686 60.6412
8.20368 74.4035
77.3448 46.0953
29.8177 72.5689
1.36464 64.8771
77.3473 38.5746
15.0828 65.948
31.0633 55.7386
7.16392 64.3
64.6403 41.1411
15.4401 65.6118
23.5485 95.4484
12.0141 68.3098
77.9003 50.3825
95.0537 59.5382
75.343 46.1353
15.1811 59.9051
28.3512 14.7758
12.2316 70.9995
71.6046 50.7027
81.6925 49.3662
94.5854 10.4104
38.9151 24.8002
8.0885 68.7792
16.4867 66.4488
23.6828 71.6862
21.5561 66.82
70.6657 39.0216
2.72161 65.1677
69.8938 61.6459
66.6386 75.4551
29.8395 81.6846
29.5948 101.127
4.09518 72.5679
80.0708 45.7588
24.4469 90.2297
30.0256 86.0099
17.2116 91.2565
22.1389 95.28
80.7539 44.9586
9.57351 70.6959
89.3268 6.21325
22.6338 57.3119
3.72546 73.8442
24.1298 93.3858
11.8461 66.8304
88.9194 49.8226
22.0666 63.5712
9.72778 65.9637
27.7699 88.1648
30.0761 89.8949
33.2497 82.6742
24.5043 80.0518
27.7532 64.0548
65.4628 79.6505
20.6125 7.5222
4.33677 61.1139
21.3581 88.5677
24.3593 66.2806
8.48388 98.7819
9.01079 75.4098
42.741 58.6447
13.1606 71.2423
10.694 72.5642
28.3407 98.3928
76.3519 45.0116
67.1081 6.49521
25.6043 85.2983
30.2493 87.9275
81.6626 49.1309
71.7099 44.8352
6.79246 65.0719
20.787 71.7652
62.9498 97.495
25.0201 92.3146
63.1406 34.9237
18.6836 76.9881
38.8941 45.7194
0.729281 72.0329
26.4789 80.8348
99.7984 0.45577
43.897 78.9746
69.9738 2.56577
23.086 92.7566
38.3532 52.5623
55.4767 84.023
44.632 24.3053
4.00464 64.8782
8.58027 69.5736
79.1753 38.0719
69.9921 42.8319
2.10153 1.64991
74.9039 44.1428
13.858 66.4091
68.0346 25.3404
29.4575 59.67
32.0196 67.0588
18.6058 71.6551
23.1647 88.9284
23.253 73.8843
85.7808 17.1422
57.1686 88.987
36.4185 74.5899
84.4998 5.74391
6.77885 71.309
10.3786 97.7025
26.6153 52.7621
28.8459 66.4284
10.5104 73.7102
18.4602 93.7696
18.4292 74.4773
98.9682 93.3304
28.3032 75.0399
28.5238 52.7098
48.9615 82.7958
3.30132 75.4298
63.4059 76.2209
-0.223192 70.7402
21.9351 62.5101
7.0256 74.3088
0.410878 73.592
23.3391 75.3898
4.14077 8.23914
95.3796 47.3996
18.5562 58.009
72.5367 41.3064
34.6541 66.9485
78.34 48.882
88.8399 49.3589
